  1.001350             1.000000
  1.007900             1.000000
  1.014450             1.137036
  1.021000             1.140332
  1.027550             1.143877
  1.034100             1.144616
  1.040650             1.148781
  1.047200             1.151804
  1.053750             1.152500
  1.060300             1.154747
  1.066850             1.156935
  1.073410             1.159328
  1.079960             1.160349
  1.086510             1.161715
  1.093070             1.159690
  1.099620             1.164033
  1.106170             1.167866
  1.112730             1.169193
  1.119280             1.169704
  1.125840             1.168846
  1.132390             1.174215
  1.138950             1.175242
  1.145510             1.176412
  1.152060             1.176881
  1.158620             1.178989
  1.165180             1.182574
  1.171730             1.182560
  1.178290             1.182517
  1.184850             1.186908
  1.191410             1.188494
  1.197970             1.188847
  1.204530             1.190732
  1.211090             1.191912
  1.217650             1.191391
  1.224210             1.194730
  1.230770             1.199768
  1.237330             1.202969
  1.243890             1.200976
  1.250450             1.198689
  1.257010             1.200765
  1.263570             1.200428
  1.270140             1.204757
  1.276700             1.203873
  1.283260             1.206738
  1.289830             1.207711
  1.296390             1.209020
  1.302950             1.209823
  1.309520             1.216598
  1.316080             1.215559
  1.322650             1.214733
  1.329210             1.216059
  1.335780             1.215057
  1.342340             1.215154
  1.348910             1.218403
  1.355480             1.218996
  1.362050             1.219033
  1.368610             1.216186
  1.375180             1.222186
  1.381750             1.217470
  1.388320             1.215262
  1.394890             1.205863
  1.401450             1.204665
  1.408020             1.205025
  1.414590             1.206743
  1.421160             1.212850
  1.427730             1.216488
  1.434310             1.220727
  1.440880             1.219922
  1.447450             1.224615
  1.454020             1.226719
  1.460590             1.228958
  1.467160             1.229892
  1.473740             1.237826
  1.480310             1.225892
  1.486880             1.231312
  1.493460             1.230550
  1.500030             1.242727
  1.506610             1.230398
  1.513180             1.244023
  1.519760             1.238534
  1.526330             1.243128
  1.532910             1.248614
  1.539480             1.245054
  1.546060             1.248316
  1.552640             1.239116
  1.559210             1.248558
  1.565790             1.244325
  1.572370             1.246963
  1.578950             1.248988
  1.585520             1.252756
  1.592100             1.255392
  1.598680             1.253766
  1.605260             1.253156
  1.611840             1.255875
  1.618420             1.257020
  1.625000             1.259465
  1.631580             1.259148
  1.638160             1.266499
  1.644740             1.254333
  1.651330             1.251629
  1.657910             1.243188
  1.664490             1.259036
  1.671070             1.262719
  1.677660             1.257846
  1.684240             1.256145
  1.690820             1.268047
  1.697410             1.268146
  1.703990             1.265061
  1.710580             1.271335
  1.717160             1.269908
  1.723750             1.257424
  1.730330             1.263446
  1.736920             1.267406
  1.743510             1.269865
  1.750090             1.264358
  1.756680             1.258646
  1.763270             1.267311
  1.769850             1.263670
  1.776440             1.265248
  1.783030             1.263108
  1.789620             1.264248
  1.796210             1.264960
  1.802800             1.269066
  1.809390             1.264128
  1.815980             1.267083
  1.822570             1.262715
  1.829160             1.263586
  1.835750             1.262640
  1.842340             1.267510
  1.848930             1.263851
  1.855520             1.260333
  1.862120             1.259879
  1.868710             1.257578
  1.875300             1.257289
  1.881900             1.256047
  1.888490             1.254575
  1.895080             1.237252
  1.901680             1.227052
  1.908270             1.227671
  1.914870             1.224364
  1.921460             1.218540
  1.928060             1.217388
  1.934650             1.229896
  1.941250             1.229471
  1.947850             1.214659
  1.954440             1.224885
  1.961040             1.228522
  1.967640             1.238161
  1.974240             1.235725
  1.980840             1.236845
  1.987430             1.231288
  1.994030             1.235096
  2.000630             1.240512
  2.007230             1.236965
  2.013830             1.233716
  2.020430             1.256450
  2.027030             1.246511
  2.033630             1.250155
  2.040240             1.243571
  2.046840             1.244970
  2.053440             1.242449
  2.060040             1.244746
  2.066640             1.270417
  2.073250             1.249054
  2.079850             1.249462
  2.086450             1.243864
  2.093060             1.248480
  2.099660             1.246685
  2.106270             1.253155
  2.112870             1.246454
  2.119480             1.236508
  2.126080             1.232732
  2.132690             1.232412
  2.139300             1.222979
  2.145900             1.216208
  2.152510             1.205577
  2.159120             1.200586
  2.165720             1.190738
  2.172330             1.186085
  2.178940             1.183875
  2.185550             1.172375
  2.192160             1.173152
  2.198770             1.172253
  2.205380             1.170436
  2.211990             1.177259
  2.218600             1.187073
  2.225210             1.192447
  2.231820             1.196699
  2.238430             1.197993
  2.245040             1.197510
  2.251650             1.202018
  2.258270             1.199791
  2.264880             1.197349
  2.271490             1.198047
  2.278100             1.197535
  2.284720             1.199217
  2.291330             1.196044
  2.297950             1.195319
  2.304560             1.196771
  2.311180             1.193454
  2.317790             1.189258
  2.324410             1.183076
  2.331020             1.179187
  2.337640             1.173946
  2.344260             1.171803
  2.350870             1.166626
  2.357490             1.160684
  2.364110             1.156068
  2.370720             1.157124
  2.377340             1.153591
  2.383960             1.150015
  2.390580             1.149654
  2.397200             1.145183
  2.403820             1.145155
  2.410440             1.143453
  2.417060             1.139843
  2.423680             1.134350
  2.430300             1.130752
  2.436920             1.127263
  2.443540             1.122692
  2.450170             1.122023
  2.456790             1.115743
  2.463410             1.114909
  2.470030             1.109416
  2.476660             1.106928
  2.483280             1.102172
  2.489900             1.101047
  2.496530             1.098910
  2.503120             1.098643
  2.509720             1.093676
  2.516320             1.087594
  2.522920             1.087491
  2.529510             1.086268
  2.536110             1.084048
  2.542710             1.083857
  2.549310             1.082964
  2.555910             1.079668
  2.562510             1.076881
  2.569110             1.075840
  2.575710             1.072691
  2.582310             1.070821
  2.588910             1.068428
  2.595510             1.065528
  2.602120             1.063102
  2.608720             1.059148
  2.615320             1.050690
  2.621920             1.046243
  2.628530             1.047172
  2.635130             1.043051
  2.641740             1.039717
  2.648340             1.034612
  2.654950             1.026011
  2.661550             1.029277
  2.668160             1.033541
  2.674760             1.037493
  2.681370             1.072638
  2.687980             1.081648
  2.694580             1.164574
  2.701190             1.208286
  2.760680             1.000000
  2.767290             1.000000
  2.773900             1.000000
  2.780520             1.000000
  2.787130             1.000000
  2.806970             0.858115
  2.813580             0.847811
  2.820200             0.848450
  2.826810             0.841751
  2.833430             0.818450
  2.840040             0.805814
  2.846660             0.814206
  2.853280             0.821903
  2.859890             0.810810
  2.866510             0.793596
  2.873130             0.786380
  2.879750             0.786776
  2.886360             0.784488
  2.892980             0.780106
  2.899600             0.769280
  2.906220             0.761937
  2.912840             0.749150
  2.919460             0.751095
  2.926080             0.753003
  2.932700             0.751227
  2.939320             0.744331
  2.945950             0.737728
  2.952570             0.725777
  2.959190             0.720143
  2.965810             0.726987
  2.972440             0.748147
  2.979060             0.757746
  2.985680             0.746236
  2.992310             0.738267
  2.998930             0.746484
  3.005560             0.750121
  3.012180             0.746482
  3.018810             0.741481
  3.025440             0.732042
  3.032060             0.731848
  3.038690             0.742318
  3.045320             0.749799
  3.051950             0.747499
  3.058570             0.739948
  3.065200             0.733828
  3.071830             0.730057
  3.078460             0.727554
  3.085090             0.724423
  3.091720             0.719337
  3.098350             0.715106
  3.104980             0.707087
  3.111610             0.701577
  3.118250             0.701243
  3.124880             0.695358
  3.131510             0.686362
  3.138140             0.680768
  3.144780             0.687694
  3.151410             0.708470
  3.158040             0.731090
  3.164680             0.742804
  3.171310             0.748534
  3.177950             0.754899
  3.184580             0.762775
  3.191220             0.767395
  3.197850             0.763475
  3.204490             0.756880
  3.211130             0.753456
  3.217760             0.757067
  3.224400             0.767268
  3.231040             0.773187
  3.237680             0.775818
  3.244320             0.775255
  3.250960             0.775478
  3.257600             0.782458
  3.264240             0.791409
  3.270880             0.797023
  3.277520             0.794866
  3.284160             0.791028
  3.290800             0.793142
  3.297440             0.800243
  3.304080             0.806158
  3.310730             0.813651
  3.317370             0.821908
  3.324010             0.823098
  3.330660             0.818323
  3.337300             0.818257
  3.343950             0.824041
  3.350590             0.832219
  3.357240             0.835450
  3.363880             0.834954
  3.370530             0.839763
  3.377170             0.844907
  3.383820             0.847339
  3.390470             0.851775
  3.397120             0.860842
  3.403760             0.866712
  3.410410             0.864117
  3.417060             0.856584
  3.423710             0.853212
  3.430360             0.857566
  3.437010             0.868290
  3.443660             0.870704
  3.450310             0.869578
  3.456960             0.875806
  3.463610             0.880745
  3.470260             0.878523
  3.476920             0.876037
  3.483570             0.877449
  3.490220             0.878140
  3.496870             0.878865
  3.503530             0.881572
  3.510180             0.885426
  3.516840             0.893138
  3.523490             0.897304
  3.530150             0.902053
  3.536800             0.900940
  3.543460             0.896990
  3.550110             0.894626
  3.556770             0.897526
  3.563430             0.906033
  3.570080             0.913638
  3.576740             0.915180
  3.583400             0.915096
  3.590060             0.916042
  3.596720             0.918980
  3.603380             0.920775
  3.610040             0.918610
  3.616700             0.916672
  3.623360             0.915423
  3.630020             0.914846
  3.636680             0.914236
  3.643340             0.912302
  3.650000             0.915490
  3.656670             0.921239
  3.663330             0.929291
  3.669990             0.930568
  3.676650             0.929612
  3.683320             0.925567
  3.689980             0.921208
  3.696650             0.920380
  3.703310             0.919986
  3.709980             0.919913
  3.716640             0.918239
  3.723310             0.917532
  3.729980             0.919460
  3.736640             0.922160
  3.743310             0.920658
  3.749980             0.920126
  3.756650             0.924200
  3.763310             0.927629
  3.769980             0.925528
  3.776650             0.920474
  3.783320             0.917712
  3.789990             0.916091
  3.796660             0.914534
  3.803330             0.916971
  3.810000             0.918409
  3.816670             0.916438
  3.823350             0.912420
  3.830020             0.908450
  3.836690             0.904633
  3.843360             0.901543
  3.850040             0.896843
  3.856710             0.895367
  3.863390             0.893028
  3.870060             0.893897
  3.876730             0.892447
  3.883410             0.892400
  3.890080             0.891349
  3.896760             0.888771
  3.903440             0.892149
  3.910110             0.908578
  3.916790             0.920618
  3.930150             1.000000
  3.936820             1.000000
