ENVI ASCII Plot File [Wed Jun 03 14:36:04 2015]
Column 1: Wavelength
Column 2: NONTRONITE CBJB26~~2
  0.350000  0.032400
  0.352500  0.034000
  0.355000  0.035600
  0.357500  0.036800
  0.360000  0.038000
  0.362500  0.039000
  0.365000  0.040000
  0.367500  0.040300
  0.370000  0.040600
  0.372500  0.041650
  0.375000  0.042700
  0.377500  0.043850
  0.380000  0.045000
  0.382500  0.046550
  0.385000  0.048100
  0.387500  0.049650
  0.390000  0.051200
  0.392500  0.053400
  0.395000  0.055600
  0.397500  0.057850
  0.400000  0.060100
  0.402500  0.062350
  0.405000  0.064600
  0.407500  0.066150
  0.410000  0.067700
  0.412500  0.068800
  0.415000  0.069900
  0.417500  0.070600
  0.420000  0.071300
  0.422500  0.072100
  0.425000  0.072900
  0.427500  0.073550
  0.430000  0.074200
  0.432500  0.074850
  0.435000  0.075500
  0.437500  0.076050
  0.440000  0.076600
  0.442500  0.077150
  0.445000  0.077700
  0.447500  0.079150
  0.450000  0.080600
  0.452500  0.083250
  0.455000  0.085900
  0.457500  0.089750
  0.460000  0.093600
  0.462500  0.099250
  0.465000  0.104900
  0.467500  0.113450
  0.470000  0.122000
  0.472500  0.132200
  0.475000  0.142400
  0.477500  0.152950
  0.480000  0.163500
  0.482500  0.172450
  0.485000  0.181400
  0.487500  0.188750
  0.490000  0.196100
  0.492500  0.202500
  0.495000  0.208900
  0.497500  0.215050
  0.500000  0.221200
  0.502500  0.227100
  0.505000  0.233000
  0.507500  0.238750
  0.510000  0.244500
  0.512500  0.250450
  0.515000  0.256400
  0.517500  0.262900
  0.520000  0.269400
  0.522500  0.275500
  0.525000  0.281600
  0.527500  0.288350
  0.530000  0.295100
  0.532500  0.301900
  0.535000  0.308700
  0.537500  0.314750
  0.540000  0.320800
  0.542500  0.325650
  0.545000  0.330500
  0.547500  0.335250
  0.550000  0.340000
  0.552500  0.344250
  0.555000  0.348500
  0.557500  0.351950
  0.560000  0.355400
  0.562500  0.358000
  0.565000  0.360600
  0.567500  0.362700
  0.570000  0.364800
  0.572500  0.366150
  0.575000  0.367500
  0.577500  0.368750
  0.580000  0.370000
  0.582500  0.370500
  0.585000  0.371000
  0.587500  0.371250
  0.590000  0.371500
  0.592500  0.371600
  0.595000  0.371700
  0.597500  0.371050
  0.600000  0.370400
  0.602500  0.369650
  0.605000  0.368900
  0.607500  0.367600
  0.610000  0.366300
  0.612500  0.365250
  0.615000  0.364200
  0.617500  0.362850
  0.620000  0.361500
  0.622500  0.360350
  0.625000  0.359200
  0.627500  0.358600
  0.630000  0.358000
  0.632500  0.357700
  0.635000  0.357400
  0.637500  0.357000
  0.640000  0.356600
  0.642500  0.356950
  0.645000  0.357300
  0.647500  0.358150
  0.650000  0.359000
  0.652500  0.360350
  0.655000  0.361700
  0.657500  0.363250
  0.660000  0.364800
  0.662500  0.367800
  0.665000  0.370800
  0.667500  0.373900
  0.670000  0.377000
  0.672500  0.380650
  0.675000  0.384300
  0.677500  0.388900
  0.680000  0.393500
  0.682500  0.398300
  0.685000  0.403100
  0.687500  0.408350
  0.690000  0.413600
  0.692500  0.418800
  0.695000  0.424000
  0.697500  0.429300
  0.700000  0.434600
  0.702500  0.439850
  0.705000  0.445100
  0.707500  0.449800
  0.710000  0.454500
  0.712500  0.459750
  0.715000  0.465000
  0.717500  0.469700
  0.720000  0.474400
  0.722500  0.478550
  0.725000  0.482700
  0.727500  0.485950
  0.730000  0.489200
  0.732500  0.491850
  0.735000  0.494500
  0.737500  0.497450
  0.740000  0.500400
  0.742500  0.503150
  0.745000  0.505900
  0.747500  0.507900
  0.750000  0.509900
  0.752500  0.511700
  0.755000  0.513500
  0.757500  0.514100
  0.760000  0.514700
  0.762500  0.515700
  0.765000  0.516700
  0.767500  0.516550
  0.770000  0.516400
  0.772500  0.516150
  0.775000  0.515900
  0.777500  0.515450
  0.780000  0.515000
  0.782500  0.514000
  0.785000  0.513000
  0.787500  0.511700
  0.790000  0.510400
  0.792500  0.509400
  0.795000  0.508400
  0.797500  0.506650
  0.800000  0.504900
  0.802500  0.502750
  0.805000  0.500600
  0.807500  0.499150
  0.810000  0.497700
  0.812500  0.495350
  0.815000  0.493000
  0.817500  0.490300
  0.820000  0.487600
  0.822500  0.485150
  0.825000  0.482700
  0.827500  0.480350
  0.830000  0.478000
  0.832500  0.475300
  0.835000  0.472600
  0.837500  0.469750
  0.840000  0.466900
  0.842500  0.464300
  0.845000  0.461700
  0.847500  0.459550
  0.850000  0.457400
  0.852500  0.455250
  0.855000  0.453100
  0.857500  0.450250
  0.860000  0.447400
  0.862500  0.445250
  0.865000  0.443100
  0.867500  0.440850
  0.870000  0.438600
  0.872500  0.436950
  0.875000  0.435300
  0.877500  0.433400
  0.880000  0.431500
  0.882500  0.429500
  0.885000  0.427500
  0.887500  0.426000
  0.890000  0.424500
  0.892500  0.423100
  0.895000  0.421700
  0.897500  0.420350
  0.899999  0.419001
  0.902499  0.418400
  0.904999  0.417800
  0.907499  0.416650
  0.909999  0.415500
  0.912499  0.414500
  0.914999  0.413500
  0.917499  0.412500
  0.919999  0.411500
  0.922499  0.411400
  0.924999  0.411300
  0.927499  0.410450
  0.929999  0.409600
  0.932499  0.409650
  0.934999  0.409700
  0.937499  0.409750
  0.939999  0.409800
  0.942499  0.409600
  0.944999  0.409400
  0.947499  0.409550
  0.949999  0.409700
  0.952499  0.410000
  0.954999  0.410300
  0.957499  0.410300
  0.959999  0.410300
  0.962499  0.411550
  0.964999  0.412800
  0.967499  0.412850
  0.969999  0.412900
  0.972499  0.413900
  0.974999  0.414900
  0.977499  0.415750
  0.979999  0.416600
  0.982499  0.417750
  0.984999  0.418900
  0.987499  0.420799
  0.989999  0.422699
  0.992499  0.424499
  0.994999  0.426299
  0.997499  0.427699
  0.999999  0.429099
  1.002500  0.430900
  1.005000  0.432700
  1.007500  0.434700
  1.010000  0.436700
  1.012500  0.438550
  1.015000  0.440400
  1.017500  0.442450
  1.020000  0.444500
  1.022500  0.446750
  1.025000  0.449000
  1.027500  0.451100
  1.030000  0.453200
  1.032500  0.455800
  1.035000  0.458400
  1.037500  0.460900
  1.040000  0.463400
  1.042500  0.466050
  1.045000  0.468700
  1.047500  0.471250
  1.050000  0.473800
  1.052500  0.476750
  1.055000  0.479700
  1.057500  0.482350
  1.060000  0.485000
  1.062500  0.487850
  1.065000  0.490700
  1.067500  0.493650
  1.070000  0.496600
  1.072500  0.499700
  1.075000  0.502800
  1.077500  0.505550
  1.080000  0.508300
  1.082500  0.511500
  1.085000  0.514700
  1.087500  0.517650
  1.090000  0.520600
  1.092500  0.523550
  1.095000  0.526500
  1.097500  0.529750
  1.100000  0.533000
  1.102500  0.535900
  1.105000  0.538800
  1.107500  0.541300
  1.110000  0.543800
  1.112500  0.547000
  1.115000  0.550200
  1.117500  0.553250
  1.120000  0.556300
  1.122500  0.558700
  1.125000  0.561100
  1.127500  0.563650
  1.130000  0.566200
  1.132500  0.568850
  1.135000  0.571500
  1.137500  0.572900
  1.140000  0.574300
  1.142500  0.575900
  1.145000  0.577500
  1.147500  0.578600
  1.150000  0.579700
  1.152500  0.580700
  1.155000  0.581700
  1.157500  0.584300
  1.160000  0.586900
  1.162500  0.589700
  1.165000  0.592500
  1.167500  0.594650
  1.170000  0.596800
  1.172500  0.598850
  1.175000  0.600900
  1.177500  0.602900
  1.180000  0.604900
  1.182500  0.606000
  1.185000  0.607100
  1.187500  0.608700
  1.190000  0.610300
  1.192500  0.611950
  1.195000  0.613600
  1.197500  0.615250
  1.200000  0.616900
  1.202500  0.618250
  1.205000  0.619600
  1.207500  0.621600
  1.210000  0.623600
  1.212500  0.623900
  1.215000  0.624200
  1.217500  0.625300
  1.220000  0.626400
  1.222500  0.627250
  1.225000  0.628100
  1.227500  0.628850
  1.230000  0.629600
  1.232500  0.630900
  1.235000  0.632200
  1.237500  0.632700
  1.240000  0.633200
  1.242500  0.633750
  1.245010  0.634301
  1.247510  0.634651
  1.250010  0.635003
  1.252510  0.635753
  1.255010  0.636502
  1.257510  0.637002
  1.260010  0.637502
  1.262510  0.637952
  1.265010  0.638403
  1.267510  0.639103
  1.270010  0.639799
  1.272510  0.639649
  1.275010  0.639499
  1.277510  0.639349
  1.280010  0.639201
  1.282510  0.639401
  1.285010  0.639601
  1.287510  0.639951
  1.290010  0.640299
  1.292510  0.640099
  1.295010  0.639902
  1.297510  0.640452
  1.300010  0.640999
  1.302510  0.640699
  1.305010  0.640398
  1.307510  0.639798
  1.310010  0.639198
  1.312510  0.638748
  1.315010  0.638293
  1.317510  0.636543
  1.320010  0.634794
  1.322510  0.633294
  1.325010  0.631800
  1.327510  0.631850
  1.330010  0.631898
  1.332510  0.631298
  1.335010  0.630696
  1.337510  0.629596
  1.340010  0.628496
  1.342510  0.627596
  1.345010  0.626696
  1.347510  0.625696
  1.350010  0.624698
  1.352510  0.624298
  1.355010  0.623898
  1.357510  0.623448
  1.360010  0.622995
  1.362510  0.621745
  1.365010  0.620489
  1.367510  0.617839
  1.370010  0.615187
  1.372510  0.611937
  1.375010  0.608688
  1.377510  0.605588
  1.380010  0.602469
  1.382510  0.594619
  1.385010  0.586762
  1.387510  0.577162
  1.390010  0.567547
  1.392510  0.554246
  1.395010  0.540927
  1.397510  0.522727
  1.400010  0.504535
  1.402510  0.488385
  1.405010  0.472253
  1.407510  0.460503
  1.410010  0.448774
  1.412510  0.442374
  1.415010  0.435989
  1.417510  0.433289
  1.420010  0.430597
  1.422510  0.429897
  1.425010  0.429187
  1.427510  0.425887
  1.430010  0.422599
  1.432510  0.422299
  1.435010  0.422043
  1.437510  0.432693
  1.440010  0.443373
  1.442510  0.461723
  1.445010  0.480050
  1.447510  0.492801
  1.450010  0.505520
  1.452510  0.510620
  1.455010  0.515704
  1.457510  0.516804
  1.460010  0.517903
  1.462510  0.518753
  1.465010  0.519614
  1.467510  0.523114
  1.470010  0.526620
  1.472510  0.531520
  1.475010  0.536417
  1.477510  0.540617
  1.480010  0.544817
  1.482510  0.549117
  1.485010  0.553411
  1.487510  0.556211
  1.490010  0.559012
  1.492510  0.561912
  1.495010  0.564810
  1.497510  0.567360
  1.500010  0.569910
  1.502510  0.572410
  1.505010  0.574908
  1.507510  0.577008
  1.510010  0.579108
  1.512510  0.581208
  1.515010  0.583306
  1.517510  0.584856
  1.520010  0.586407
  1.522510  0.588257
  1.525010  0.590106
  1.527510  0.591656
  1.530010  0.593205
  1.532510  0.594555
  1.535010  0.595905
  1.537510  0.597255
  1.540010  0.598606
  1.542510  0.600106
  1.545010  0.601604
  1.547510  0.602504
  1.550010  0.603403
  1.552510  0.604253
  1.555010  0.605105
  1.557510  0.606255
  1.560010  0.607405
  1.562510  0.608605
  1.565010  0.609802
  1.567510  0.610402
  1.570010  0.611001
  1.572510  0.611351
  1.575010  0.611706
  1.577510  0.613256
  1.580010  0.614802
  1.582510  0.615252
  1.585010  0.615703
  1.587510  0.616453
  1.590010  0.617204
  1.592510  0.618104
  1.595010  0.619002
  1.597510  0.619402
  1.600010  0.619801
  1.602510  0.619951
  1.605010  0.620102
  1.607510  0.620602
  1.610010  0.621104
  1.612510  0.622204
  1.615010  0.623301
  1.617510  0.623601
  1.620010  0.623903
  1.622510  0.624553
  1.625010  0.625201
  1.627510  0.625451
  1.630010  0.625702
  1.632510  0.626202
  1.635010  0.626703
  1.637510  0.627353
  1.640010  0.628001
  1.642510  0.628301
  1.645010  0.628601
  1.647510  0.628901
  1.650010  0.629199
  1.652510  0.628949
  1.655010  0.628699
  1.657510  0.628449
  1.660010  0.628201
  1.662510  0.628351
  1.665010  0.628501
  1.667510  0.628701
  1.670010  0.628901
  1.672510  0.629201
  1.675010  0.629499
  1.677510  0.629349
  1.680010  0.629200
  1.682520  0.629200
  1.685020  0.629204
  1.687520  0.629654
  1.690020  0.630095
  1.692520  0.629495
  1.695020  0.628908
  1.697520  0.629958
  1.700020  0.630991
  1.702520  0.629891
  1.705020  0.628800
  1.707520  0.628850
  1.710020  0.628895
  1.712520  0.628245
  1.715020  0.627599
  1.717520  0.627449
  1.720020  0.627293
  1.722520  0.626443
  1.725020  0.625597
  1.727520  0.625197
  1.730020  0.624794
  1.732520  0.624044
  1.735020  0.623296
  1.737520  0.622746
  1.740020  0.622193
  1.742520  0.621343
  1.745020  0.620495
  1.747520  0.619845
  1.750020  0.619191
  1.752520  0.618091
  1.755020  0.616993
  1.757520  0.616093
  1.760020  0.615196
  1.762520  0.614696
  1.765020  0.614194
  1.767520  0.613494
  1.770020  0.612793
  1.772520  0.611943
  1.775020  0.611094
  1.777520  0.610294
  1.780020  0.609494
  1.782520  0.608694
  1.785020  0.607893
  1.787520  0.606993
  1.790020  0.606098
  1.792520  0.605848
  1.795020  0.605597
  1.797520  0.605247
  1.800020  0.604900
  1.802520  0.604950
  1.805020  0.605000
  1.807520  0.605050
  1.810020  0.605103
  1.812520  0.605453
  1.815020  0.605800
  1.817520  0.605800
  1.820020  0.605797
  1.822520  0.605447
  1.825020  0.605094
  1.827520  0.604344
  1.830020  0.603594
  1.832520  0.602794
  1.835020  0.601995
  1.837520  0.601345
  1.840020  0.600690
  1.842520  0.599390
  1.845020  0.598083
  1.847520  0.595983
  1.850020  0.593876
  1.852520  0.590826
  1.855020  0.587764
  1.857520  0.583314
  1.860020  0.578856
  1.862520  0.573306
  1.865020  0.567735
  1.867520  0.559635
  1.870020  0.551477
  1.872520  0.536178
  1.875020  0.520867
  1.877520  0.504217
  1.880020  0.487535
  1.882520  0.466935
  1.885020  0.446269
  1.887520  0.417420
  1.890020  0.388530
  1.892520  0.354881
  1.895020  0.321283
  1.897520  0.294184
  1.900020  0.267178
  1.902520  0.251928
  1.905020  0.236780
  1.907520  0.234280
  1.910020  0.231853
  1.912520  0.238503
  1.915020  0.245176
  1.917520  0.254676
  1.920020  0.264170
  1.922520  0.272870
  1.925020  0.281562
  1.927520  0.289262
  1.930020  0.296952
  1.932520  0.303503
  1.935020  0.310038
  1.937520  0.314738
  1.940020  0.319428
  1.942520  0.322978
  1.945020  0.326523
  1.947520  0.329423
  1.950020  0.332325
  1.952520  0.335475
  1.955020  0.338621
  1.957520  0.341221
  1.960020  0.343823
  1.962520  0.346723
  1.965020  0.349625
  1.967520  0.352826
  1.970020  0.356027
  1.972520  0.359377
  1.975020  0.362732
  1.977520  0.366732
  1.980020  0.370730
  1.982520  0.374530
  1.985020  0.378336
  1.987520  0.382836
  1.990020  0.387338
  1.992520  0.392088
  1.995020  0.396840
  1.997520  0.401890
  2.000020  0.406937
  2.002520  0.411537
  2.005020  0.416138
  2.007520  0.420989
  2.010020  0.425839
  2.012520  0.430739
  2.015020  0.435637
  2.017520  0.440287
  2.020020  0.444931
  2.022520  0.448781
  2.025020  0.452630
  2.027520  0.456380
  2.030020  0.460135
  2.032520  0.464485
  2.035020  0.468826
  2.037520  0.472076
  2.040020  0.475318
  2.042520  0.477568
  2.045020  0.479822
  2.047520  0.482572
  2.050020  0.485319
  2.052520  0.487669
  2.055020  0.490016
  2.057520  0.492066
  2.060020  0.494114
  2.062520  0.495864
  2.065020  0.497613
  2.067520  0.499263
  2.070020  0.500914
  2.072520  0.502714
  2.075020  0.504514
  2.077520  0.506264
  2.080020  0.508010
  2.082520  0.509260
  2.085020  0.510509
  2.087520  0.511659
  2.090020  0.512810
  2.092520  0.514110
  2.095020  0.515409
  2.097520  0.516509
  2.100020  0.517606
  2.102520  0.518356
  2.105020  0.519108
  2.107520  0.520058
  2.110020  0.521008
  2.112520  0.522008
  2.115020  0.523008
  2.117520  0.524058
  2.120020  0.525106
  2.122520  0.525806
  2.125030  0.526514
  2.127530  0.527664
  2.130030  0.528805
  2.132530  0.529255
  2.135030  0.529712
  2.137530  0.530712
  2.140030  0.531710
  2.142530  0.532560
  2.145030  0.533408
  2.147530  0.534058
  2.150030  0.534708
  2.152530  0.535358
  2.155030  0.536004
  2.157530  0.536304
  2.160030  0.536595
  2.162530  0.536145
  2.165030  0.535696
  2.167530  0.535396
  2.170030  0.535095
  2.172530  0.534645
  2.175030  0.534186
  2.177530  0.533036
  2.180030  0.531887
  2.182530  0.530787
  2.185030  0.529685
  2.187530  0.528435
  2.190030  0.527186
  2.192530  0.525986
  2.195030  0.524783
  2.197530  0.523333
  2.200030  0.521883
  2.202530  0.520433
  2.205030  0.518972
  2.207530  0.516622
  2.210030  0.514257
  2.212530  0.510657
  2.215030  0.507042
  2.217530  0.502192
  2.220030  0.497341
  2.222530  0.492441
  2.225030  0.487543
  2.227530  0.482793
  2.230030  0.478057
  2.232530  0.474457
  2.235030  0.470884
  2.237530  0.469534
  2.240030  0.468204
  2.242530  0.468554
  2.245030  0.468901
  2.247530  0.468951
  2.250030  0.468953
  2.252530  0.465053
  2.255030  0.461098
  2.257530  0.452548
  2.260030  0.443950
  2.262530  0.431500
  2.265030  0.419019
  2.267530  0.403818
  2.270030  0.388614
  2.272530  0.373114
  2.275030  0.357649
  2.277530  0.344999
  2.280030  0.332409
  2.282530  0.324859
  2.285030  0.317399
  2.287530  0.317349
  2.290030  0.317406
  2.292530  0.326206
  2.295030  0.335075
  2.297530  0.349675
  2.300030  0.364275
  2.302530  0.378875
  2.305030  0.393432
  2.307530  0.404432
  2.310030  0.415375
  2.312530  0.421575
  2.315030  0.427731
  2.317530  0.430331
  2.320030  0.432911
  2.322530  0.433811
  2.325030  0.434688
  2.327530  0.433688
  2.330030  0.432672
  2.332530  0.430322
  2.335030  0.427964
  2.337530  0.424964
  2.340030  0.421960
  2.342530  0.418610
  2.345030  0.415248
  2.347530  0.410898
  2.350030  0.406542
  2.352530  0.401742
  2.355030  0.396947
  2.357530  0.392496
  2.360030  0.388046
  2.362530  0.383546
  2.365030  0.379039
  2.367530  0.373938
  2.370030  0.368844
  2.372530  0.364144
  2.375030  0.359429
  2.377530  0.353529
  2.380030  0.347625
  2.382530  0.341325
  2.385030  0.335015
  2.387530  0.327915
  2.390030  0.320823
  2.392530  0.314373
  2.395030  0.307951
  2.397530  0.303851
  2.400030  0.299785
  2.402530  0.298484
  2.405030  0.297199
  2.407530  0.297149
  2.410030  0.297110
  2.412530  0.297910
  2.415030  0.298701
  2.417530  0.298751
  2.420030  0.298801
  2.422530  0.298851
  2.425030  0.298887
  2.427530  0.297837
  2.430030  0.296781
  2.432530  0.295181
  2.435030  0.293578
  2.437530  0.291778
  2.440030  0.289983
  2.442530  0.288583
  2.445030  0.287179
  2.447530  0.285429
  2.450030  0.283676
  2.452530  0.281676
  2.455030  0.279674
  2.457530  0.277474
  2.460030  0.275273
  2.462530  0.273023
  2.465030  0.270770
  2.467530  0.268270
  2.470030  0.265763
  2.472530  0.262713
  2.475030  0.259667
  2.477530  0.256917
  2.480030  0.254168
  2.482530  0.251467
  2.485030  0.248763
  2.487530  0.245713
  2.490030  0.242663
  2.492530  0.239563
  2.495030  0.236473
  2.497530  0.234223
  2.500030  0.231981
  2.502530  0.230381
  2.505030  0.228783
  2.507530  0.227383
  2.510030  0.225991
  2.512530  0.225241
  2.515030  0.224494
  2.517530  0.223994
  2.520030  0.223492
  2.522530  0.222842
  2.525030  0.222197
  2.527530  0.221947
  2.530030  0.221692
  2.532530  0.221042
  2.535030  0.220393
  2.537530  0.219793
  2.540030  0.219201
  2.542530  0.219251
  2.545030  0.219293
  2.547530  0.218743
  2.550030  0.218201
  2.552530  0.218301
  2.555030  0.218399
  2.557530  0.218349
  2.560030  0.218298
  2.562540  0.218148
  2.565040  0.217994
  2.567540  0.217644
  2.570040  0.217295
  2.572540  0.216995
  2.575040  0.216690
  2.577540  0.216090
  2.580040  0.215500
  2.582540  0.215500
  2.585040  0.215485
  2.587540  0.214535
  2.590040  0.213585
  2.592540  0.212635
  2.595040  0.211679
  2.597540  0.210379
  2.600040  0.209093
  2.602540  0.208643
  2.605040  0.208165
  2.607540  0.205965
  2.610040  0.203773
  2.612540  0.202073
  2.615040  0.200358
  2.617540  0.197758
  2.620040  0.195170
  2.622540  0.193320
  2.625040  0.191459
  2.627540  0.188909
  2.630040  0.186354
  2.632540  0.183454
  2.635040  0.180558
  2.637540  0.177958
  2.640040  0.175354
  2.642540  0.172454
  2.645040  0.169555
  2.647540  0.166755
  2.650040  0.163943
  2.652540  0.160393
  2.655040  0.156847
  2.657540  0.153547
  2.660040  0.150246
  2.662540  0.146846
  2.665040  0.143406
  2.667540  0.137556
  2.670040  0.131723
  2.672540  0.126873
  2.675040  0.121997
  2.677540  0.115547
  2.680040  0.109126
  2.682540  0.104476
  2.685040  0.099834
  2.687540  0.095734
  2.690040  0.091617
  2.692540  0.086468
  2.695040  0.081292
  2.697540  0.074542
  2.700040  0.067792
  2.702540  0.061043
  2.705040  0.000000
  2.707540  0.000000
  2.710040  0.000000
  2.712540  0.000000
  2.715040  0.000000
  2.717540  0.000000
  2.720040  0.000000
  2.722540  0.000000
  2.725040  0.000000
  2.727540  0.000000
  2.730040  0.000000
  2.732540  0.000000
  2.735040  0.000000
  2.737540  0.000000
  2.740040  0.000000
  2.742540  0.000000
  2.745040  0.000000
  2.747540  0.000000
  2.750040  0.000000
  2.752540  0.000000
  2.755040  0.000000
  2.757540  0.000000
  2.760040  0.000000
  2.762540  0.000000
  2.765040  0.000000
  2.767540  0.000000
  2.770040  0.000000
  2.772540  0.000000
  2.775040  0.000000
  2.777540  0.000000
  2.780040  0.000000
  2.782540  0.000000
  2.785040  0.000000
  2.787540  0.000000
  2.790040  0.000000
  2.792540  0.000000
  2.795040  0.000000
  2.797540  0.000000
  2.800040  0.000000
  2.802540  0.000000
  2.805040  0.000000
  2.807540  0.000000
  2.810040  0.000000
  2.812540  0.000000
  2.815040  0.000000
  2.817540  0.000000
  2.820040  0.000000
  2.822540  0.000000
  2.825040  0.000000
  2.827540  0.000000
  2.830040  0.000000
  2.832540  0.000000
  2.835040  0.000000
  2.837540  0.000000
  2.840040  0.000000
  2.842540  0.000000
  2.845040  0.000000
  2.847540  0.000000
  2.850040  0.000000
  2.852540  0.000000
  2.855040  0.000000
  2.857540  0.000000
  2.860040  0.000000
  2.862540  0.000000
  2.865040  0.000000
  2.867540  0.000000
  2.870040  0.000000
  2.872540  0.000000
  2.875040  0.000000
  2.877540  0.000000
  2.880040  0.000000
  2.882540  0.000000
  2.885040  0.000000
  2.887540  0.000000
  2.890040  0.000000
  2.892540  0.000000
  2.895040  0.000000
  2.897540  0.000000
  2.900040  0.000000
  2.902540  0.000000
  2.905040  0.000000
  2.907540  0.000000
  2.910040  0.000000
  2.912540  0.000000
  2.915040  0.000000
  2.917540  0.000000
  2.920040  0.000000
  2.922540  0.000000
  2.925040  0.000000
  2.927540  0.000000
  2.930040  0.000000
  2.932540  0.000000
  2.935040  0.000000
  2.937540  0.000000
  2.940040  0.000000
  2.942540  0.000000
  2.945040  0.000000
  2.947540  0.000000
  2.950040  0.000000
  2.952540  0.000000
  2.955040  0.000000
  2.957540  0.000000
  2.960040  0.000000
  2.962540  0.000000
  2.965040  0.000000
  2.967540  0.000000
  2.970040  0.000000
  2.972540  0.000000
  2.975040  0.000000
  2.977540  0.000000
  2.980040  0.000000
  2.982540  0.000000
  2.985040  0.000000
  2.987540  0.000000
  2.990040  0.000000
  2.992540  0.000000
  2.995040  0.000000
  2.997550  0.000000
  3.000050  0.000000
  3.002550  0.000000
  3.005050  0.000000
  3.007550  0.000000
  3.010050  0.000000
  3.012550  0.000000
  3.015050  0.000000
  3.017550  0.000000
  3.020050  0.000000
  3.022550  0.000000
  3.025050  0.000000
  3.027550  0.000000
  3.030050  0.000000
  3.032550  0.000000
  3.035050  0.000000
  3.037550  0.000000
  3.040050  0.000000
  3.042550  0.000000
  3.045050  0.000000
  3.047550  0.000000
  3.050050  0.000000
  3.052550  0.000000
  3.055050  0.000000
  3.057550  0.000000
  3.060050  0.000000
  3.062550  0.000000
  3.065050  0.000000
  3.067550  0.000000
  3.070050  0.000000
  3.072550  0.000000
  3.075050  0.000000
  3.077550  0.000000
  3.080050  0.000000
  3.082550  0.000000
  3.085050  0.000000
  3.087550  0.000000
  3.090050  0.000000
  3.092550  0.000000
  3.095050  0.000000
  3.097550  0.000000
  3.100050  0.000000
  3.102550  0.000000
  3.105050  0.000000
  3.107550  0.000000
  3.110050  0.000000
  3.112550  0.000000
  3.115050  0.000000
  3.117550  0.000000
  3.120050  0.000000
  3.122550  0.000000
  3.125050  0.000000
  3.127550  0.000000
  3.130050  0.000000
  3.132550  0.000000
  3.135050  0.000000
  3.137550  0.000000
  3.140050  0.000000
  3.142550  0.000000
  3.145050  0.000000
  3.147550  0.000000
  3.150050  0.000000
  3.152550  0.000000
  3.155050  0.000000
  3.157550  0.000000
  3.160050  0.000000
  3.162550  0.000000
  3.165050  0.000000
  3.167550  0.000000
  3.170050  0.000000
  3.172550  0.000000
  3.175050  0.000000
  3.177550  0.000000
  3.180050  0.000000
  3.182550  0.000000
  3.185050  0.000000
  3.187550  0.000000
  3.190050  0.000000
  3.192550  0.000000
  3.195050  0.000000
  3.197550  0.000000
  3.200050  0.000000
  3.202550  0.000000
  3.205050  0.000000
  3.207550  0.000000
  3.210050  0.000000
  3.212550  0.000000
  3.215050  0.000000
  3.217550  0.000000
  3.220050  0.000000
  3.222550  0.000000
  3.225050  0.000000
  3.227550  0.000000
  3.230050  0.000000
  3.232550  0.000000
  3.235050  0.000000
  3.237550  0.000000
  3.240050  0.000000
  3.242550  0.000000
  3.245050  0.000000
  3.247550  0.000000
  3.250050  0.000000
  3.252550  0.000000
  3.255050  0.000000
  3.257550  0.000000
  3.260050  0.000000
  3.262550  0.000000
  3.265050  0.000000
  3.267550  0.000000
  3.270050  0.000000
  3.272550  0.000000
  3.275050  0.000000
  3.277550  0.000000
  3.280050  0.000000
  3.282550  0.000000
  3.285050  0.000000
  3.287550  0.000000
  3.290050  0.000000
  3.292550  0.000000
  3.295050  0.000000
  3.297550  0.000000
  3.300050  0.000000
  3.302550  0.000000
  3.305050  0.000000
  3.307550  0.000000
  3.310050  0.000000
  3.312550  0.000000
  3.315050  0.000000
  3.317550  0.000000
  3.320050  0.000000
  3.322550  0.000000
  3.325050  0.000000
  3.327550  0.000000
  3.330050  0.000000
  3.332550  0.000000
  3.335050  0.000000
  3.337550  0.000000
  3.340050  0.000000
  3.342550  0.000000
  3.345050  0.000000
  3.347550  0.000000
  3.350050  0.000000
  3.352550  0.000000
  3.355050  0.000000
  3.357550  0.000000
  3.360050  0.000000
  3.362550  0.000000
  3.365050  0.000000
  3.367550  0.000000
  3.370050  0.000000
  3.372550  0.000000
  3.375050  0.000000
  3.377550  0.000000
  3.380050  0.000000
  3.382550  0.000000
  3.385050  0.000000
  3.387550  0.000000
  3.390050  0.000000
  3.392550  0.000000
  3.395050  0.000000
  3.397550  0.000000
  3.400050  0.000000
  3.402550  0.000000
  3.405050  0.000000
  3.407550  0.000000
  3.410050  0.000000
  3.412550  0.000000
  3.415050  0.000000
  3.417550  0.000000
  3.420050  0.000000
  3.422550  0.000000
  3.425050  0.000000
  3.427550  0.000000
  3.430050  0.000000
  3.432550  0.000000
  3.435060  0.000000
  3.437560  0.000000
  3.440060  0.000000
  3.442560  0.000000
  3.445060  0.000000
  3.447560  0.000000
  3.450060  0.000000
  3.452560  0.000000
  3.455060  0.000000
  3.457560  0.000000
  3.460060  0.000000
  3.462560  0.000000
  3.465060  0.000000
  3.467560  0.000000
  3.470060  0.000000
  3.472560  0.000000
  3.475060  0.000000
  3.477560  0.000000
  3.480060  0.000000
  3.482560  0.000000
  3.485060  0.000000
  3.487560  0.000000
  3.490060  0.000000
  3.492560  0.000000
  3.495060  0.000000
  3.497560  0.000000
  3.500060  0.000000
  3.502560  0.000000
  3.505060  0.000000
  3.507560  0.000000
  3.510060  0.000000
  3.512560  0.000000
  3.515060  0.000000
  3.517560  0.000000
  3.520060  0.000000
  3.522560  0.000000
  3.525060  0.000000
  3.527560  0.000000
  3.530060  0.000000
  3.532560  0.000000
  3.535060  0.000000
  3.537560  0.000000
  3.540060  0.000000
  3.542560  0.000000
  3.545060  0.000000
  3.547560  0.000000
  3.550060  0.000000
  3.552560  0.000000
  3.555060  0.000000
  3.557560  0.000000
  3.560060  0.000000
  3.562560  0.000000
  3.565060  0.000000
  3.567560  0.000000
  3.570060  0.000000
  3.572560  0.000000
  3.575060  0.000000
  3.577560  0.000000
  3.580060  0.000000
  3.582560  0.000000
  3.585060  0.000000
  3.587560  0.000000
  3.590060  0.000000
  3.592560  0.000000
  3.595060  0.000000
  3.597560  0.000000
  3.600060  0.000000
  3.602560  0.000000
  3.605060  0.000000
  3.607560  0.000000
  3.610060  0.000000
  3.612560  0.000000
  3.615060  0.000000
  3.617560  0.000000
  3.620060  0.000000
  3.622560  0.000000
  3.625060  0.000000
  3.627560  0.000000
  3.630060  0.000000
  3.632560  0.000000
  3.635060  0.000000
  3.637560  0.000000
  3.640060  0.000000
  3.642560  0.000000
  3.645060  0.000000
  3.647560  0.000000
  3.650060  0.000000
  3.652560  0.000000
  3.655060  0.000000
  3.657560  0.000000
  3.660060  0.000000
  3.662560  0.000000
  3.665060  0.000000
  3.667560  0.000000
  3.670060  0.000000
  3.672560  0.000000
  3.675060  0.000000
  3.677560  0.000000
  3.680060  0.000000
  3.682560  0.000000
  3.685060  0.000000
  3.687560  0.000000
  3.690060  0.000000
  3.692560  0.000000
  3.695060  0.000000
  3.697560  0.000000
  3.700060  0.000000
  3.702560  0.000000
  3.705060  0.000000
  3.707560  0.000000
  3.710060  0.000000
  3.712560  0.000000
  3.715060  0.000000
  3.717560  0.000000
  3.720060  0.000000
  3.722560  0.000000
  3.725060  0.000000
  3.727560  0.000000
  3.730060  0.000000
  3.732560  0.000000
  3.735060  0.000000
  3.737560  0.000000
  3.740060  0.000000
  3.742560  0.000000
  3.745060  0.000000
  3.747560  0.000000
  3.750060  0.000000
  3.752560  0.000000
  3.755060  0.000000
  3.757560  0.000000
  3.760060  0.000000
  3.762560  0.000000
  3.765060  0.000000
  3.767560  0.000000
  3.770060  0.000000
  3.772560  0.000000
  3.775060  0.000000
  3.777560  0.000000
  3.780060  0.000000
  3.782560  0.000000
  3.785060  0.000000
  3.787560  0.000000
  3.790060  0.000000
  3.792560  0.000000
  3.795060  0.000000
  3.797560  0.000000
  3.800060  0.000000
  3.802560  0.000000
  3.805060  0.000000
  3.807560  0.000000
  3.810060  0.000000
  3.812560  0.000000
  3.815060  0.000000
  3.817560  0.000000
  3.820060  0.000000
  3.822560  0.000000
  3.825060  0.000000
  3.827560  0.000000
  3.830060  0.000000
  3.832560  0.000000
  3.835060  0.000000
  3.837560  0.000000
  3.840060  0.000000
  3.842560  0.000000
  3.845060  0.000000
  3.847560  0.000000
  3.850060  0.000000
  3.852560  0.000000
  3.855060  0.000000
  3.857560  0.000000
  3.860060  0.000000
  3.862560  0.000000
  3.865060  0.000000
  3.867560  0.000000
  3.870060  0.000000
  3.872570  0.000000
  3.875070  0.000000
  3.877570  0.000000
  3.880070  0.000000
  3.882570  0.000000
  3.885070  0.000000
  3.887570  0.000000
  3.890070  0.000000
  3.892570  0.000000
  3.895070  0.000000
  3.897570  0.000000
  3.900070  0.000000
  3.902570  0.000000
  3.905070  0.000000
  3.907570  0.000000
  3.910070  0.000000
  3.912570  0.000000
  3.915070  0.000000
  3.917570  0.000000
  3.920070  0.000000
  3.922570  0.000000
  3.925070  0.000000
  3.927570  0.000000
  3.930070  0.000000
  3.932570  0.000000
  3.935070  0.000000
  3.937570  0.000000
  3.940070  0.000000
  3.942570  0.000000
  3.945070  0.000000
  3.947570  0.000000
  3.950070  0.000000
  3.952570  0.000000
  3.955070  0.000000
  3.957570  0.000000
  3.960070  0.000000
  3.962570  0.000000
  3.965070  0.000000
  3.967570  0.000000
  3.970070  0.000000
  3.972570  0.000000
  3.975070  0.000000
  3.977570  0.000000
  3.980070  0.000000
  3.982570  0.000000
  3.985070  0.000000
  3.987570  0.000000
  3.990070  0.000000
  3.992570  0.000000
  3.995070  0.000000
  3.997570  0.000000
  4.000070  0.000000
  4.002570  0.000000
  4.005070  0.000000
  4.007570  0.000000
  4.010070  0.000000
  4.012570  0.000000
  4.015070  0.000000
  4.017570  0.000000
  4.020070  0.000000
  4.022570  0.000000
  4.025070  0.000000
  4.027570  0.000000
  4.030070  0.000000
  4.032570  0.000000
  4.035070  0.000000
  4.037570  0.000000
  4.040070  0.000000
  4.042570  0.000000
  4.045070  0.000000
  4.047570  0.000000
  4.050070  0.000000
  4.052570  0.000000
  4.055070  0.000000
  4.057570  0.000000
  4.060070  0.000000
  4.062570  0.000000
  4.065070  0.000000
  4.067570  0.000000
  4.070070  0.000000
  4.072570  0.000000
  4.075070  0.000000
  4.077570  0.000000
  4.080070  0.000000
  4.082570  0.000000
  4.085070  0.000000
  4.087570  0.000000
  4.090070  0.000000
  4.092570  0.000000
  4.095070  0.000000
  4.097570  0.000000
  4.100070  0.000000
